100 150 70 8
1 2 5 100000 2976 0
1 3 9 10000 0 0
1 4 16 10000 0 0
1 5 8 100000 0 0
1 6 3 100000 2437 3799
1 12 7 100000 1377 5413
1 74 10 10000 0 0
2 3 18 10000 0 0
2 4 16 100000 0 0
2 5 10 10000 0 0
2 6 9 10000 0 0
2 7 19 10000 0 0
2 10 2 10000 4757 0
2 14 4 100000 0 0
2 52 18 10000 0 0
2 54 14 10000 0 0
3 4 2 100000 0 2690
3 5 2 100000 2690 0
3 6 1 100000 0 0
3 8 2 100000 0 0
3 13 17 10000 0 0
3 65 12 100000 0 0
4 5 19 10000 0 0
4 6 5 10000 0 0
4 13 13 10000 0 0
4 15 13 100000 0 0
4 17 12 100000 0 0
4 71 18 10000 0 2690
5 6 1 10000 3799 3916
5 7 18 10000 0 0
5 9 11 10000 0 3388
5 10 4 10000 0 1781
5 11 17 100000 2690 0
5 16 15 100000 0 0
5 17 19 100000 0 0
5 20 20 10000 0 0
5 25 5 100000 5178 2422
5 26 8 100000 0 0
5 49 7 10000 0 0
5 76 6 10000 2530 0
5 97 16 10000 0 0
6 7 11 10000 0 0
6 14 1 100000 2437 1386
6 15 15 10000 0 2530
6 16 13 10000 0 0
6 62 18 100000 0 0
6 98 15 10000 0 0
7 9 11 10000 0 2437
7 10 7 100000 0 0
7 14 6 10000 1918 2437
7 15 10 10000 0 0
7 17 7 100000 2437 1007
7 18 13 100000 1007 0
7 19 14 100000 0 0
7 57 17 100000 0 1918
7 87 14 100000 0 0
7 88 20 100000 2437 0
8 9 10 10000 0 0
8 27 2 100000 0 0
8 37 4 10000 0 0
8 77 18 100000 0 0
8 100 5 10000 0 0
9 15 5 10000 0 1884
9 17 14 10000 0 1589
9 27 18 10000 0 0
9 28 4 100000 0 1377
9 29 4 10000 1884 0
9 39 16 10000 0 2011
9 67 16 100000 0 0
9 75 4 10000 0 0
9 79 17 100000 0 2437
9 81 14 100000 1589 0
9 91 4 100000 0 0
10 32 2 10000 0 0
10 43 9 10000 2976 0
10 44 11 10000 0 0
10 53 15 10000 0 0
10 59 13 10000 0 0
11 12 19 100000 0 0
11 19 4 10000 0 0
11 21 15 10000 0 0
11 22 3 100000 0 0
11 66 8 10000 0 0
12 20 2 100000 1377 2976
12 23 4 10000 0 0
12 24 20 100000 0 0
12 30 10 10000 0 0
12 51 3 100000 0 0
12 89 14 100000 0 0
12 92 19 100000 0 0
13 18 15 10000 0 0
13 25 2 10000 7134 3397
13 61 8 10000 0 2175
13 70 3 100000 0 2537
13 78 19 10000 0 0
13 84 18 10000 0 0
13 90 1 100000 1386 0
13 94 17 10000 2011 0
14 15 16 10000 0 0
14 18 10 10000 0 0
14 26 19 100000 0 0
14 36 1 10000 1918 0
14 96 4 100000 0 1386
15 16 15 10000 0 0
15 17 17 10000 0 0
15 18 11 100000 0 1884
15 19 10 10000 0 0
15 34 6 100000 0 0
15 38 16 10000 0 2530
15 73 17 10000 0 0
15 99 7 10000 0 0
16 19 4 100000 0 0
16 21 16 100000 0 0
16 40 19 10000 0 0
16 50 14 100000 0 0
16 52 1 100000 0 0
16 64 17 100000 0 0
16 80 3 10000 0 0
17 46 15 10000 0 0
17 56 1 10000 0 0
17 73 6 100000 2437 0
17 83 20 100000 0 2596
17 85 3 100000 0 0
18 25 2 100000 0 7044
18 26 20 10000 0 0
18 33 4 100000 0 0
18 35 8 10000 0 0
18 41 6 10000 0 0
18 45 12 10000 0 0
18 47 18 10000 1781 0
18 48 15 10000 0 0
18 58 10 10000 0 1884
18 60 2 100000 1007 0
18 68 20 10000 0 0
18 69 15 100000 0 0
18 72 16 10000 2537 0
18 82 12 100000 0 0
18 86 18 100000 0 0
18 93 2 100000 0 0
19 22 17 10000 0 0
19 23 16 10000 0 0
19 24 13 100000 0 0
19 55 15 10000 0 0
19 63 2 10000 0 0
19 64 14 100000 0 0
20 21 5 100000 0 2976
20 31 18 10000 0 0
20 42 7 10000 1377 0
20 95 5 10000 0 0
21 24 13 100000 0 0
