100 180 70 8
1 2 1 100000 0 0
1 11 14 10000 0 0
2 3 17 100000 0 0
2 12 17 100000 0 1384
3 4 1 10000 0 0
3 13 7 100000 0 0
4 5 6 10000 0 0
4 14 20 100000 0 0
5 6 17 10000 0 0
5 15 16 100000 0 0
6 7 9 10000 0 0
6 16 17 10000 0 2788
7 8 12 100000 0 2430
7 17 12 100000 2430 0
8 9 2 10000 0 0
8 18 18 100000 0 0
9 10 2 10000 0 0
9 19 16 10000 0 0
10 20 10 100000 0 2512
11 12 2 10000 0 0
11 21 6 10000 0 0
12 13 19 10000 0 0
12 22 5 10000 0 1384
13 14 2 100000 0 0
13 23 20 100000 0 0
14 15 7 100000 0 0
14 24 15 100000 0 0
15 16 9 100000 0 1447
15 25 15 100000 0 0
16 17 3 100000 0 3877
16 26 7 100000 2430 2788
17 18 9 10000 0 0
17 27 12 100000 0 1447
18 19 3 10000 0 0
18 28 7 10000 0 0
19 20 20 100000 0 0
19 29 11 10000 0 0
20 30 7 100000 0 2512
21 22 9 10000 0 3705
21 31 6 10000 2430 0
22 23 7 10000 0 3814
22 32 2 10000 0 1275
23 24 3 10000 0 2430
23 33 2 100000 2563 1384
24 25 14 100000 0 2430
24 34 2 10000 0 0
25 26 4 10000 0 2430
25 35 16 10000 0 0
26 27 10 100000 0 0
26 36 13 10000 0 2788
27 28 19 100000 0 0
27 37 6 10000 0 1447
28 29 15 10000 0 0
28 38 15 100000 2205 0
29 30 11 100000 0 0
29 39 17 10000 0 0
30 40 17 100000 0 2512
31 32 18 10000 0 0
31 41 20 10000 0 0
32 33 8 100000 0 0
32 42 6 100000 0 3878
33 34 8 10000 0 0
33 43 19 10000 2563 0
34 35 7 10000 0 0
34 44 18 100000 0 0
35 36 15 100000 0 0
35 45 20 100000 0 0
36 37 5 100000 2143 0
36 46 10 10000 0 2788
37 38 6 10000 2143 1447
37 47 17 10000 0 0
38 39 20 10000 0 0
38 48 2 100000 4348 3596
39 40 7 10000 2512 0
39 49 20 100000 0 0
40 50 6 100000 0 0
41 42 16 10000 0 0
41 51 9 10000 0 0
42 43 13 10000 0 0
42 52 8 10000 0 3878
43 44 10 100000 2611 2205
43 53 2 100000 2205 2611
44 45 7 100000 5175 2205
44 54 14 100000 0 0
45 46 12 10000 7963 2205
45 55 10 10000 0 2788
46 47 13 100000 2564 2205
46 56 19 100000 0 0
47 48 1 10000 2149 2205
47 57 2 100000 2564 2149
48 49 9 100000 0 0
48 58 6 100000 2143 0
49 50 6 100000 0 0
49 59 12 100000 0 0
50 60 8 10000 0 0
51 52 3 100000 0 0
51 61 11 100000 0 0
52 53 3 10000 0 6083
52 62 18 10000 0 0
53 54 13 10000 0 0
53 63 15 100000 0 3878
54 55 14 10000 0 0
54 64 20 100000 0 0
55 56 7 10000 2149 0
55 65 8 100000 0 4937
56 57 15 100000 2149 0
56 66 15 10000 0 0
57 58 3 100000 2564 0
57 67 7 10000 0 0
58 59 10 100000 0 0
58 68 6 10000 4707 0
59 60 13 10000 0 0
59 69 14 100000 0 0
60 70 10 10000 0 0
61 62 8 100000 0 0
61 71 13 10000 0 0
62 63 8 10000 0 0
62 72 9 10000 0 0
63 64 3 10000 0 3878
63 73 20 10000 0 0
64 65 12 100000 0 1275
64 74 15 10000 0 2603
65 66 11 10000 0 0
65 75 4 10000 0 4937
66 67 18 10000 0 0
66 76 3 100000 0 0
67 68 13 10000 0 0
67 77 13 10000 0 0
68 69 12 100000 0 0
68 78 2 10000 2143 0
69 70 9 10000 0 0
69 79 9 10000 0 0
70 80 5 100000 0 0
71 72 13 10000 0 0
71 81 8 10000 0 0
72 73 18 100000 0 0
72 82 16 100000 0 0
73 74 9 100000 0 0
73 83 13 10000 0 0
74 75 11 10000 6761 1325
74 84 1 100000 2831 9364
75 76 13 100000 1824 1325
75 85 10 100000 0 0
76 77 4 10000 1824 0
76 86 20 100000 0 0
77 78 18 100000 1824 0
77 87 12 100000 0 0
78 79 11 10000 0 0
78 88 6 10000 2143 0
79 80 16 10000 0 0
79 89 1 100000 0 0
80 90 11 100000 0 0
81 82 16 10000 1890 0
81 91 10 10000 0 0
82 83 10 100000 4039 0
82 92 14 100000 0 0
83 84 9 100000 4039 0
83 93 14 10000 0 0
84 85 12 100000 4721 0
84 94 17 100000 0 2788
85 86 16 10000 1890 2526
85 95 11 10000 2831 0
86 87 10 10000 1890 0
86 96 14 10000 0 0
87 88 13 100000 1890 2143
87 97 13 100000 0 0
88 89 4 10000 1890 0
88 98 19 10000 0 0
89 90 18 10000 1890 0
89 99 4 100000 0 0
90 100 5 10000 0 0
91 92 19 10000 0 0
92 93 15 100000 0 0
93 94 6 10000 0 0
94 95 14 100000 0 0
95 96 15 100000 2831 0
96 97 13 100000 0 0
97 98 2 10000 0 0
98 99 18 100000 0 0
99 100 18 100000 0 0
