143 167 70 8
1 2 6 10000 0 0
1 3 5 100000 0 0
2 4 17 10000 0 0
3 4 13 100000 5579 1050
3 5 20 100000 0 0
3 7 4 100000 6189 6721
3 12 2 10000 1142 5139
3 14 15 10000 0 0
3 16 11 10000 0 0
3 22 13 100000 0 0
3 29 18 100000 0 0
3 84 4 100000 0 0
4 6 10 10000 0 0
4 8 15 100000 0 5286
4 11 1 10000 8274 4519
4 15 7 100000 2926 0
4 18 4 100000 0 0
4 77 20 100000 0 1050
4 87 13 10000 0 0
4 92 20 100000 0 0
4 93 5 100000 0 0
4 97 17 100000 2779 2667
4 101 13 100000 4072 0
5 6 18 10000 0 0
6 88 20 10000 0 0
6 96 4 10000 0 0
7 9 8 100000 3537 2449
7 19 7 100000 0 0
7 23 20 100000 0 2800
7 30 6 100000 0 1142
7 36 1 100000 0 0
7 53 2 100000 0 2779
7 54 10 100000 2449 0
7 58 3 10000 0 0
8 10 15 10000 0 2479
8 67 18 10000 0 0
8 69 8 100000 0 2807
8 73 16 10000 0 0
9 10 5 100000 0 0
9 47 7 100000 1050 0
9 48 8 10000 0 2449
9 55 16 100000 0 0
9 59 19 10000 0 0
9 62 15 100000 0 0
10 66 5 100000 0 0
10 68 13 10000 0 0
10 72 11 100000 0 2479
10 76 20 10000 0 0
11 13 14 10000 2807 1593
11 107 6 100000 0 0
11 108 9 10000 2800 0
11 110 15 10000 0 2926
11 113 15 100000 0 0
12 13 4 10000 0 4641
12 100 14 10000 0 0
12 126 1 10000 2154 0
12 135 5 100000 0 2652
12 136 14 100000 0 0
13 112 8 100000 0 0
13 119 15 10000 0 2487
13 120 20 10000 2807 1593
13 130 9 10000 0 2154
13 131 8 100000 0 0
13 143 19 100000 0 0
14 15 7 100000 0 0
14 83 6 100000 0 0
15 79 6 10000 0 0
15 80 13 10000 0 0
15 81 13 100000 0 0
16 17 20 10000 0 0
17 18 18 100000 0 0
19 20 5 100000 0 0
20 21 15 100000 0 0
21 22 10 100000 0 0
23 24 18 10000 0 2800
24 25 4 100000 0 0
25 26 11 10000 0 0
26 27 9 10000 0 0
27 28 2 10000 2674 0
28 29 19 100000 2674 0
30 31 17 100000 0 1142
31 32 20 10000 0 1142
32 33 14 10000 0 1142
32 35 9 10000 0 0
33 34 12 100000 0 1142
36 37 14 10000 0 0
37 38 19 100000 0 0
38 39 17 10000 0 2034
39 40 14 10000 0 2034
40 41 6 100000 0 0
40 42 1 100000 0 0
42 43 3 100000 0 0
43 44 4 100000 0 0
43 45 11 10000 0 0
45 46 12 10000 0 0
46 47 10 10000 0 0
47 60 1 100000 0 0
47 61 14 100000 0 0
48 49 4 10000 0 0
49 50 7 100000 0 0
50 51 9 100000 0 0
51 52 18 100000 0 0
52 53 7 100000 0 0
54 55 16 100000 0 0
54 56 3 100000 2449 0
56 57 5 10000 0 0
62 63 1 10000 0 0
63 64 20 10000 0 0
64 65 10 10000 0 0
65 66 10 100000 0 0
67 68 6 100000 0 0
69 70 12 10000 0 0
70 71 17 100000 0 0
71 72 8 100000 0 0
73 74 14 100000 0 0
74 75 20 100000 0 0
75 76 15 100000 0 0
77 78 11 100000 0 1050
77 79 15 100000 0 0
81 82 17 10000 0 0
84 85 18 10000 0 0
85 86 4 10000 0 0
86 87 8 100000 0 0
88 89 20 100000 0 0
89 90 2 10000 0 1772
90 91 7 10000 0 1772
91 92 20 100000 0 1772
93 94 11 10000 0 0
94 95 12 10000 0 0
95 96 6 100000 0 0
97 98 17 10000 2779 2667
98 99 2 100000 0 0
101 102 8 10000 1593 0
102 103 6 10000 0 0
103 104 4 100000 0 0
103 105 1 10000 0 0
105 106 7 10000 0 0
106 107 4 10000 0 0
108 109 1 100000 0 0
110 111 18 100000 0 0
111 112 4 100000 0 0
113 114 3 100000 0 0
114 115 20 10000 0 0
115 116 8 100000 0 0
116 117 20 100000 0 0
116 118 2 10000 2487 0
118 119 14 10000 2487 0
120 121 11 100000 0 1593
121 122 1 10000 0 1593
122 123 8 10000 0 0
123 124 6 100000 0 0
123 125 8 100000 0 0
126 127 15 10000 0 0
127 128 13 10000 0 0
128 129 14 10000 0 0
129 130 14 100000 0 0
131 132 16 10000 0 0
132 133 6 10000 0 0
133 134 20 10000 0 0
134 135 19 10000 0 0
136 137 1 100000 0 0
137 138 15 10000 0 0
138 139 3 10000 0 0
139 140 12 10000 0 0
140 141 4 100000 0 0
141 142 14 100000 0 0
142 143 1 10000 0 0
