100 927 70 8
1 12 1 10000 2936 0
1 21 13 100000 0 0
1 26 14 10000 0 0
1 27 14 10000 0 0
1 31 14 100000 0 0
1 38 14 100000 0 0
1 44 3 100000 0 0
1 45 15 100000 0 0
1 48 5 100000 0 0
1 50 3 10000 0 2936
1 54 11 100000 0 0
1 56 13 10000 0 0
1 67 8 10000 0 0
1 70 6 10000 0 0
1 83 12 100000 0 0
1 88 9 10000 0 0
1 89 18 10000 0 0
2 5 3 10000 0 0
2 8 8 100000 0 0
2 15 20 100000 0 0
2 19 18 100000 0 0
2 24 15 10000 0 0
2 27 20 10000 0 0
2 35 6 10000 0 0
2 36 13 100000 0 0
2 44 11 100000 0 0
2 45 17 100000 0 0
2 47 7 100000 0 0
2 50 8 100000 0 0
2 53 12 100000 0 0
2 59 9 100000 0 0
2 60 10 100000 0 0
2 69 4 10000 0 0
2 73 10 10000 0 0
2 81 20 10000 0 0
2 87 17 10000 0 0
2 91 18 10000 0 0
2 93 9 10000 0 0
2 95 12 100000 0 0
2 98 13 100000 0 0
3 10 13 100000 0 0
3 11 2 100000 0 0
3 14 18 100000 0 0
3 20 5 100000 0 0
3 21 12 10000 0 0
3 25 15 10000 0 0
3 26 19 10000 0 0
3 30 10 100000 0 0
3 31 20 10000 0 0
3 48 9 10000 0 0
3 50 20 10000 0 0
3 51 20 100000 0 0
3 54 16 10000 0 0
3 56 14 10000 0 0
3 59 13 10000 0 0
3 61 14 100000 0 0
3 62 2 10000 0 0
3 71 5 10000 0 0
4 21 6 10000 0 0
4 26 8 100000 0 0
4 27 8 10000 0 0
4 35 9 10000 0 0
4 42 18 100000 0 0
4 51 12 100000 0 0
4 52 9 10000 0 0
4 57 20 100000 0 0
4 63 17 100000 0 0
4 69 16 100000 0 0
4 77 10 10000 0 0
4 82 2 100000 0 1824
4 83 20 100000 0 0
4 87 18 10000 0 0
4 90 13 10000 0 0
5 23 15 100000 0 0
5 29 15 100000 0 0
5 30 4 100000 0 0
5 36 20 10000 0 0
5 40 4 100000 0 0
5 47 10 100000 0 0
5 53 7 10000 0 0
5 64 11 10000 0 0
5 80 20 10000 0 0
6 11 6 10000 0 0
6 13 20 10000 0 0
6 16 3 10000 0 0
6 20 1 100000 0 5913
6 27 3 100000 3360 0
6 28 15 10000 0 0
6 35 2 10000 1752 0
6 47 19 100000 0 0
6 57 3 10000 0 2330
6 58 2 100000 0 0
6 60 2 10000 5017 1752
6 86 9 100000 0 0
6 89 1 100000 0 2464
6 90 13 10000 0 0
6 98 9 10000 0 0
7 21 2 10000 0 4339
7 24 1 10000 2865 1505
7 29 20 100000 0 0
7 31 3 10000 1684 2129
7 35 16 100000 0 0
7 39 16 10000 0 0
7 44 13 10000 0 0
7 52 2 10000 6233 2703
7 63 13 10000 0 0
7 68 12 100000 0 0
7 70 11 10000 0 0
7 78 4 100000 2493 0
7 86 17 10000 0 0
7 88 18 10000 0 0
8 11 12 100000 0 0
8 20 20 10000 0 0
8 21 12 100000 0 0
8 27 8 100000 0 0
8 30 11 100000 0 0
8 31 10 100000 0 0
8 34 16 100000 0 0
8 37 3 10000 0 4935
8 38 13 100000 0 0
8 40 13 100000 0 0
8 44 6 10000 0 0
8 50 2 10000 2315 0
8 55 6 100000 0 0
8 60 16 10000 0 0
8 65 10 10000 0 0
8 76 20 10000 0 0
8 78 14 10000 0 0
8 80 17 10000 0 0
8 85 2 100000 2550 0
8 88 3 100000 0 0
8 93 18 10000 0 0
8 94 9 10000 0 0
9 10 15 100000 0 0
9 11 2 100000 1825 1527
9 14 3 10000 0 0
9 24 7 10000 0 0
9 28 1 10000 2693 6217
9 40 20 10000 0 0
9 49 9 100000 0 0
9 59 12 100000 0 0
9 64 9 100000 0 0
9 65 15 100000 0 0
9 75 14 10000 0 0
9 77 4 100000 0 0
9 83 7 10000 0 0
9 94 18 10000 0 0
9 100 18 100000 0 0
10 34 15 10000 0 0
10 44 7 100000 0 0
10 45 6 10000 0 0
10 50 1 10000 1710 2315
10 67 16 100000 0 0
10 74 20 10000 0 0
10 75 3 100000 0 1710
10 77 14 100000 0 0
10 82 6 100000 0 0
10 88 19 100000 0 0
10 90 13 10000 0 0
10 91 15 100000 0 0
11 17 10 100000 0 0
11 22 14 100000 0 0
11 25 3 100000 1825 0
11 31 12 10000 0 0
11 33 19 100000 0 0
11 35 9 100000 0 0
11 39 3 100000 0 0
11 45 1 10000 0 1527
11 52 20 100000 0 0
11 56 9 10000 0 0
11 59 16 10000 0 0
11 66 5 100000 0 0
11 76 18 100000 0 0
11 82 8 10000 0 0
11 88 10 100000 0 0
12 13 16 100000 0 0
12 18 7 10000 0 0
12 22 13 100000 0 0
12 26 20 10000 0 0
12 27 1 100000 2781 6124
12 30 7 10000 0 0
12 31 1 100000 6296 0
12 39 14 100000 0 0
12 40 18 10000 0 0
12 51 3 10000 0 0
12 54 8 10000 0 0
12 58 8 10000 0 0
12 63 5 100000 2764 0
12 77 14 100000 0 0
12 79 11 10000 0 0
12 80 6 100000 0 0
12 88 3 10000 0 0
12 94 8 100000 0 0
12 98 13 10000 0 0
13 25 19 10000 0 0
13 28 3 10000 1611 0
13 48 17 100000 0 0
13 50 18 100000 0 0
13 52 12 10000 0 0
13 55 1 100000 4095 2608
13 64 15 10000 0 0
13 67 9 100000 0 0
13 68 11 100000 0 0
13 81 7 100000 0 2669
13 82 20 10000 0 0
13 84 11 10000 0 0
13 85 4 10000 0 0
13 87 17 100000 0 0
13 88 8 10000 0 0
13 90 8 100000 0 0
13 93 11 10000 0 0
13 97 11 10000 0 0
14 34 17 10000 0 0
14 47 6 10000 0 0
14 48 6 100000 2459 0
14 58 15 100000 0 0
14 60 8 10000 0 0
14 65 4 100000 0 0
14 67 10 10000 0 0
14 85 6 10000 0 0
14 89 17 10000 0 0
14 99 9 10000 0 0
15 22 3 10000 3728 0
15 23 10 10000 0 0
15 24 9 10000 0 0
15 28 4 100000 0 0
15 40 18 10000 0 0
15 47 10 10000 0 0
15 49 15 10000 0 0
15 58 13 10000 0 0
15 60 3 10000 1752 2464
15 63 2 10000 2922 0
15 65 7 10000 0 0
15 73 11 100000 0 0
15 88 7 10000 0 0
15 89 19 100000 0 0
16 17 2 10000 0 1590
16 25 8 100000 0 0
16 33 14 10000 0 0
16 53 5 100000 0 0
16 55 18 100000 0 0
16 56 1 100000 5981 0
16 63 16 100000 0 0
16 68 18 100000 0 0
16 79 8 100000 0 0
16 81 20 10000 0 0
16 84 9 10000 0 0
16 85 3 100000 0 2922
16 93 2 100000 0 2884
16 94 10 100000 0 0
17 18 6 100000 0 0
17 26 19 10000 0 0
17 30 17 100000 0 0
17 32 20 100000 0 0
17 37 16 100000 0 0
17 53 17 10000 0 0
17 55 11 100000 0 0
17 59 3 10000 1373 1590
17 62 5 100000 0 1373
17 74 11 100000 0 0
17 82 20 10000 0 0
17 83 3 100000 0 0
17 87 6 100000 0 0
17 88 17 10000 0 0
17 95 9 10000 0 0
18 22 5 100000 0 0
18 26 2 10000 2780 1954
18 28 12 10000 0 0
18 35 20 100000 0 0
18 38 12 100000 0 0
18 43 13 10000 0 0
18 47 20 10000 0 0
18 57 16 100000 0 0
18 64 1 100000 1264 1403
18 74 8 10000 0 0
18 77 12 100000 0 0
18 80 8 100000 0 0
18 83 5 100000 0 0
18 84 17 100000 0 0
18 87 2 10000 0 2641
18 94 12 100000 0 0
18 99 8 100000 1255 0
18 100 14 10000 0 0
19 37 11 100000 0 0
19 39 15 100000 0 0
19 42 11 100000 0 0
19 46 12 10000 0 0
19 52 8 10000 0 0
19 56 17 10000 0 0
19 59 20 100000 0 0
19 67 12 100000 0 0
19 69 7 10000 0 0
19 70 14 100000 0 0
19 79 1 10000 2608 0
19 92 16 100000 0 0
19 99 6 100000 0 2567
19 100 8 10000 0 0
20 28 12 10000 0 0
20 34 11 100000 0 0
20 42 16 10000 0 0
20 47 20 100000 0 0
20 56 17 10000 0 0
20 59 11 10000 0 0
20 63 9 100000 0 0
20 64 16 100000 0 0
20 65 11 100000 0 0
20 69 9 10000 0 0
20 78 19 100000 0 0
20 79 5 100000 0 0
21 40 2 10000 2380 5464
21 41 5 10000 0 0
21 43 12 100000 0 0
21 44 3 10000 0 0
21 49 13 100000 0 0
21 52 2 10000 6949 4577
21 53 5 100000 0 0
21 54 15 10000 0 0
21 62 2 10000 5552 0
21 69 19 10000 0 0
21 73 2 10000 0 0
21 74 9 10000 0 0
21 76 2 100000 1875 9208
21 90 7 100000 0 0
22 28 10 10000 0 0
22 29 18 10000 0 0
22 31 9 10000 0 0
22 35 14 10000 0 0
22 39 3 10000 0 0
22 43 10 100000 0 0
22 45 5 10000 0 0
22 53 1 100000 1264 0
22 56 14 10000 0 0
22 58 8 10000 0 0
22 60 12 100000 0 0
22 78 20 100000 0 0
22 79 6 10000 0 0
22 85 5 10000 0 0
22 87 15 100000 0 0
23 24 18 10000 0 0
23 27 1 100000 0 2781
23 28 3 10000 2781 0
23 29 10 100000 0 0
23 33 10 10000 0 0
23 35 11 10000 0 0
23 48 4 10000 0 0
23 57 11 10000 0 0
23 67 10 10000 0 0
23 71 5 100000 0 0
23 74 7 10000 0 0
23 84 8 10000 0 0
23 89 19 10000 0 0
23 90 11 10000 0 0
23 92 18 10000 0 0
23 98 1 10000 0 0
24 30 17 10000 0 0
24 33 10 100000 0 0
24 48 9 100000 0 0
24 49 1 10000 4610 0
24 58 20 100000 0 0
24 61 6 100000 0 0
24 77 10 100000 0 0
24 79 13 10000 0 0
24 82 15 10000 0 0
24 83 7 100000 0 0
24 94 8 10000 0 0
25 27 6 100000 0 0
25 29 10 10000 0 0
25 36 11 100000 0 0
25 41 19 10000 0 0
25 48 15 100000 0 0
25 51 1 10000 1825 0
25 53 9 10000 0 0
25 60 16 100000 0 0
25 64 9 100000 0 0
25 68 14 100000 0 0
25 72 20 10000 0 0
25 74 20 10000 0 0
25 76 20 10000 0 0
25 79 10 100000 0 0
25 80 3 10000 0 0
25 82 16 100000 0 0
25 87 1 100000 0 0
25 88 20 100000 0 0
25 94 15 10000 0 0
26 34 10 10000 0 0
26 38 16 100000 0 0
26 41 8 100000 0 0
26 46 12 10000 0 0
26 50 11 10000 0 0
26 66 6 10000 0 0
26 76 7 100000 0 0
26 79 2 100000 2980 1954
26 80 8 100000 0 0
26 81 15 100000 0 0
26 82 2 10000 2129 7600
26 88 8 100000 0 0
26 90 16 100000 0 0
26 91 15 10000 0 0
26 92 9 10000 0 0
26 100 10 100000 0 0
27 31 4 100000 0 0
27 32 18 10000 0 0
27 38 6 10000 0 0
27 42 11 100000 0 0
27 48 19 100000 0 0
27 56 10 10000 0 0
27 58 10 100000 0 0
27 61 17 100000 0 0
27 62 8 100000 0 0
27 78 1 10000 0 0
27 80 16 100000 0 0
27 93 8 100000 0 0
27 100 5 10000 0 0
28 29 7 10000 0 0
28 31 17 10000 0 0
28 48 14 100000 0 0
28 50 9 10000 0 0
28 59 6 100000 2927 0
28 60 12 100000 0 0
28 68 19 100000 0 0
28 69 14 100000 0 0
28 70 9 100000 0 0
28 71 19 100000 0 0
28 77 11 100000 0 0
28 80 11 10000 0 0
28 81 19 10000 0 0
28 82 18 10000 0 0
28 96 20 100000 0 0
28 99 1 10000 4045 1255
28 100 4 10000 0 0
29 30 9 100000 2817 0
29 32 7 10000 0 0
29 37 8 10000 0 0
29 38 4 10000 0 0
29 43 7 10000 0 0
29 52 2 100000 4576 5852
29 62 17 10000 0 0
29 71 2 10000 0 0
29 73 10 100000 0 0
29 77 14 10000 0 0
29 81 5 10000 0 1874
29 91 16 10000 0 0
29 98 5 100000 0 0
30 33 15 10000 0 0
30 46 4 100000 0 0
30 49 5 100000 1060 2764
30 51 19 100000 0 0
30 55 2 100000 2608 4519
30 56 15 100000 0 0
30 57 11 100000 0 0
30 58 16 100000 0 0
30 65 1 10000 2550 1060
30 66 13 10000 0 0
30 68 19 10000 0 0
30 70 3 100000 0 0
30 72 12 10000 0 0
30 79 1 100000 0 2608
30 84 4 100000 4922 0
30 92 12 10000 0 0
31 33 5 100000 0 0
31 43 14 10000 0 0
31 54 18 100000 0 0
31 56 10 100000 0 0
31 58 10 100000 0 0
31 60 20 100000 0 0
31 61 15 100000 0 0
31 77 7 10000 0 0
31 78 6 100000 0 0
31 81 17 10000 0 0
31 82 1 100000 6444 2129
31 87 2 100000 0 0
31 90 7 100000 0 0
31 97 18 100000 0 0
32 41 4 10000 0 0
32 42 2 10000 2103 0
32 44 1 10000 2235 2103
32 52 11 100000 0 0
32 73 3 10000 0 0
32 80 6 10000 0 0
32 83 11 10000 0 0
32 88 17 10000 0 0
32 91 5 100000 0 0
32 99 1 10000 0 5195
33 38 13 10000 0 0
33 43 4 10000 0 0
33 47 9 10000 0 0
33 49 17 10000 0 0
33 50 18 100000 0 0
33 51 3 100000 3493 0
33 57 17 10000 0 0
33 59 19 10000 0 0
33 63 20 100000 0 0
33 64 19 10000 0 0
33 72 18 10000 0 0
33 84 4 100000 0 0
33 92 10 100000 0 0
33 93 10 10000 0 0
33 95 5 100000 0 0
33 98 10 100000 0 0
33 99 9 10000 0 0
34 35 15 10000 0 0
34 38 20 100000 0 0
34 49 9 10000 0 0
34 52 19 100000 0 0
34 66 14 10000 0 0
34 67 11 100000 0 0
34 69 5 100000 0 0
34 79 7 100000 1954 2980
34 84 14 10000 0 0
35 48 9 100000 0 0
35 49 4 100000 0 0
35 50 15 100000 0 0
35 51 17 10000 0 0
35 55 5 100000 0 0
35 58 1 100000 0 0
35 59 11 100000 0 0
35 75 15 10000 0 0
35 78 14 10000 0 0
35 87 16 100000 0 0
35 93 11 10000 0 0
35 94 15 100000 0 0
35 97 12 10000 0 0
36 45 12 100000 0 0
36 46 3 100000 0 2229
36 53 8 100000 0 0
36 59 9 10000 0 0
36 63 6 10000 0 0
36 66 14 100000 0 0
36 72 11 10000 0 0
36 75 18 100000 0 0
36 77 8 100000 0 0
36 78 3 100000 0 0
36 79 6 100000 0 0
36 82 20 10000 0 0
36 87 3 100000 0 2479
36 92 18 100000 0 0
36 95 17 10000 0 0
36 99 16 10000 0 0
36 100 17 100000 0 0
37 49 6 100000 0 0
37 54 4 100000 0 0
37 62 1 10000 2153 2963
37 64 9 10000 0 0
37 68 1 10000 0 2315
37 70 4 100000 0 0
37 72 2 10000 0 4921
37 85 10 100000 0 0
37 87 5 10000 0 0
37 91 14 10000 0 0
37 92 13 100000 0 0
37 100 2 10000 5731 2620
38 39 14 10000 0 0
38 40 18 100000 0 0
38 44 8 100000 0 0
38 52 6 100000 0 0
38 66 4 10000 0 0
38 71 4 10000 0 0
38 72 5 100000 0 0
38 74 13 10000 0 0
38 75 14 100000 0 0
38 82 15 100000 0 0
38 84 5 100000 0 0
38 86 15 100000 0 0
38 91 16 10000 0 0
38 92 3 10000 0 2599
39 42 6 10000 0 0
39 63 4 100000 0 0
39 67 3 10000 0 0
39 71 16 100000 0 0
39 72 1 100000 2380 2239
39 74 18 10000 0 0
39 78 14 100000 0 0
39 82 1 100000 1040 2380
40 43 15 100000 0 0
40 47 15 10000 0 0
40 74 1 10000 0 0
40 76 17 100000 0 0
40 79 5 100000 0 0
40 85 19 10000 0 0
40 87 15 10000 0 0
40 89 5 100000 0 0
40 99 4 10000 1977 0
41 54 7 10000 0 0
41 56 13 10000 0 0
41 67 13 100000 0 0
41 75 4 100000 0 0
41 76 9 100000 0 0
41 79 19 100000 0 0
41 85 12 100000 0 0
41 95 14 100000 0 0
42 49 2 10000 2103 0
42 57 8 10000 0 0
42 59 18 10000 0 0
42 68 12 100000 0 0
42 74 18 100000 0 0
42 75 12 10000 0 0
42 78 11 10000 0 0
42 88 3 10000 0 0
42 91 5 10000 0 0
43 55 10 100000 0 0
43 60 1 100000 0 0
43 61 8 100000 0 0
43 62 20 100000 0 0
43 69 19 10000 0 0
43 71 3 10000 0 0
43 76 12 100000 0 0
43 87 15 100000 0 0
43 90 12 10000 0 0
43 98 2 100000 0 0
44 45 17 100000 0 0
44 48 12 100000 0 0
44 54 5 10000 0 0
44 59 16 10000 0 0
44 60 18 10000 0 0
44 76 5 100000 0 0
44 79 11 100000 0 0
44 80 4 10000 0 0
44 85 17 100000 0 0
44 92 15 10000 0 0
44 93 15 10000 0 0
44 94 3 10000 0 0
44 95 9 100000 0 0
44 98 17 100000 0 0
45 47 5 100000 0 0
45 49 1 10000 1039 0
45 51 14 10000 0 0
45 56 2 100000 0 1507
45 59 16 10000 0 0
45 62 1 100000 1507 7705
45 70 20 10000 0 0
45 73 5 100000 2670 0
45 74 6 10000 0 0
45 79 8 10000 0 0
45 82 4 100000 0 0
45 94 18 100000 0 0
45 95 2 10000 0 5236
45 98 8 100000 0 0
46 47 20 100000 0 0
46 54 6 10000 0 0
46 59 4 100000 2698 0
46 61 17 100000 0 0
46 63 8 100000 0 0
46 64 11 10000 0 0
46 71 9 100000 0 0
46 81 8 100000 0 0
46 86 20 100000 0 0
46 93 10 100000 0 0
46 98 1 100000 0 0
46 100 1 100000 0 4997
47 48 6 100000 0 0
47 49 2 100000 2701 2885
47 52 18 100000 0 0
47 55 4 100000 0 0
47 80 1 10000 1039 0
47 83 2 100000 0 0
47 84 16 10000 0 0
47 86 7 10000 0 0
47 90 18 100000 0 0
47 99 14 100000 0 0
47 100 9 10000 0 0
48 49 8 10000 0 0
48 50 2 100000 4425 0
48 51 17 10000 0 0
48 53 13 100000 0 0
48 54 9 100000 0 0
48 62 9 10000 0 0
48 64 11 100000 0 0
48 67 1 100000 0 0
48 77 13 10000 0 0
48 92 12 10000 0 0
48 97 20 100000 0 0
48 98 18 10000 0 0
49 61 5 10000 0 0
49 63 6 100000 0 0
49 70 9 100000 0 0
49 72 14 100000 0 0
49 76 18 100000 0 0
49 81 9 10000 2701 0
49 85 15 10000 0 0
49 88 13 10000 0 0
49 97 17 100000 0 0
50 52 1 100000 9950 3493
50 58 5 100000 0 0
50 60 20 10000 0 0
50 69 5 100000 1858 0
50 71 6 10000 0 0
50 79 7 100000 0 0
50 80 20 100000 0 0
50 84 3 100000 0 2641
50 86 6 10000 0 0
50 88 13 10000 0 0
50 89 19 100000 0 0
50 93 9 100000 0 0
50 96 6 10000 0 0
51 52 2 100000 4512 2971
51 53 20 100000 0 0
51 61 1 100000 1825 0
51 64 8 10000 0 0
51 80 5 100000 0 0
51 87 20 100000 0 0
51 94 1 100000 0 1019
51 99 9 10000 0 0
52 55 7 100000 0 0
52 61 8 10000 0 0
52 64 18 10000 0 0
52 65 15 100000 0 0
52 72 10 10000 0 0
52 73 11 10000 0 0
52 78 6 100000 0 0
52 83 16 100000 0 0
52 92 1 10000 6694 0
52 93 1 100000 4389 0
53 55 3 100000 0 1426
53 57 9 100000 0 0
53 61 17 100000 0 0
53 62 2 100000 1456 0
53 66 15 100000 0 0
53 77 7 10000 0 0
53 79 20 10000 0 0
53 87 1 10000 3743 0
53 91 6 100000 1426 0
53 100 17 100000 0 0
54 59 11 100000 0 0
54 60 2 100000 1977 4029
54 67 15 100000 0 0
54 77 2 10000 0 2127
54 83 19 10000 0 0
54 99 1 10000 4029 4856
55 57 6 10000 0 0
55 59 7 100000 0 0
55 65 15 10000 0 0
55 72 12 10000 0 0
55 73 17 10000 0 0
55 78 2 100000 2062 0
55 80 4 10000 0 0
55 85 1 10000 2669 4612
55 87 17 10000 0 0
55 95 19 10000 0 0
55 97 17 100000 0 0
55 99 11 10000 0 0
56 58 17 100000 0 0
56 59 9 100000 0 0
56 62 8 100000 0 0
56 69 3 10000 0 0
56 72 12 100000 0 0
56 83 11 100000 0 0
56 97 6 10000 0 0
57 67 20 100000 0 0
57 80 8 100000 0 0
57 83 18 100000 0 0
57 95 2 100000 4168 2330
58 64 10 100000 0 0
58 68 7 100000 0 0
58 71 14 100000 0 0
58 74 7 10000 0 0
58 77 4 10000 2127 0
58 80 8 10000 0 0
58 83 6 100000 0 0
58 84 11 10000 0 0
58 93 18 10000 0 0
58 94 12 100000 0 0
58 96 5 10000 0 1541
58 97 13 10000 0 0
58 98 1 10000 0 0
59 67 20 10000 0 0
59 76 16 100000 0 0
59 81 3 10000 0 1590
59 91 7 100000 0 0
59 92 6 100000 0 0
60 62 4 100000 0 0
60 67 6 100000 1067 0
60 77 12 100000 0 0
60 82 7 10000 0 0
60 84 20 10000 0 0
60 88 1 100000 1977 1067
60 98 4 100000 0 0
61 62 20 100000 0 0
61 69 12 10000 0 0
61 70 3 10000 0 1040
61 92 17 100000 0 0
61 93 1 100000 2865 1505
61 95 8 10000 0 0
62 67 5 100000 0 0
62 72 17 100000 0 0
62 79 6 10000 0 0
62 92 6 10000 0 0
62 94 6 100000 0 0
63 65 18 10000 0 0
63 66 15 100000 0 0
63 68 19 100000 0 0
63 72 15 100000 0 0
63 75 2 100000 2764 0
63 84 12 10000 0 0
63 85 2 100000 4984 0
63 86 16 100000 0 0
63 92 2 100000 0 1874
63 99 6 100000 0 0
64 66 17 10000 0 0
64 67 7 100000 0 0
64 73 20 100000 0 0
64 75 9 10000 0 0
64 76 17 10000 0 0
64 81 17 100000 0 0
64 89 16 100000 0 0
64 91 5 10000 0 0
64 92 6 10000 0 0
64 93 8 100000 0 0
64 99 18 100000 0 0
65 81 17 10000 0 0
65 83 16 10000 0 0
65 85 8 10000 0 0
65 87 20 100000 0 0
65 91 14 100000 0 0
65 96 8 100000 0 0
65 99 4 100000 0 0
66 68 14 100000 0 0
66 69 14 100000 0 0
66 72 2 100000 0 1875
66 74 6 100000 0 0
66 78 4 100000 0 0
66 82 18 10000 0 0
66 88 18 100000 0 0
66 89 11 10000 0 0
66 93 14 10000 0 0
67 69 18 10000 0 0
67 70 18 10000 0 0
67 86 14 100000 0 0
67 90 7 100000 0 0
67 95 1 100000 2670 0
67 100 17 100000 0 0
68 81 14 10000 0 0
68 82 17 10000 0 0
68 83 15 100000 0 0
68 89 18 100000 0 0
68 94 9 100000 0 0
69 74 15 100000 0 0
69 78 12 10000 0 0
69 79 8 10000 0 0
69 84 13 10000 0 0
69 92 5 10000 0 0
69 95 18 10000 0 0
69 97 19 10000 0 0
69 100 14 100000 0 0
70 82 1 100000 2380 1040
70 91 6 100000 0 0
70 92 15 10000 0 0
70 95 17 10000 0 0
70 96 2 100000 0 2380
71 81 12 100000 0 0
71 94 8 10000 0 0
72 76 1 100000 6358 1875
72 82 4 100000 0 0
72 84 7 100000 0 0
72 87 3 100000 0 2239
72 92 13 10000 0 0
73 76 13 100000 0 0
73 94 7 10000 0 0
73 98 4 100000 0 0
73 100 12 100000 0 0
74 75 8 10000 0 0
74 76 16 10000 0 0
74 78 17 10000 0 0
74 88 9 10000 0 0
74 90 5 100000 0 0
75 77 17 100000 0 0
75 79 6 10000 0 0
75 86 2 100000 0 0
76 86 13 100000 0 0
76 89 16 10000 0 0
76 98 9 10000 0 0
77 78 11 100000 0 0
77 82 3 100000 0 0
77 85 6 100000 0 0
77 87 13 100000 0 0
77 91 14 10000 0 0
77 94 9 100000 0 0
77 100 1 100000 4849 1456
78 80 9 10000 0 0
78 81 13 10000 0 0
78 95 11 100000 0 0
78 99 20 100000 0 0
79 83 4 10000 0 0
79 87 4 10000 0 0
79 95 10 10000 0 0
79 99 17 100000 0 0
80 88 10 10000 0 0
80 99 8 100000 0 0
81 84 10 10000 0 0
81 87 9 10000 0 1743
81 88 17 100000 0 0
81 89 14 10000 0 0
81 97 15 10000 0 0
82 87 10 100000 0 0
82 91 8 100000 0 0
82 98 17 10000 0 0
82 99 7 100000 0 0
83 88 7 100000 0 0
83 90 7 100000 0 0
83 93 15 100000 0 0
83 97 2 100000 0 0
84 87 14 100000 0 0
84 90 5 10000 0 0
84 95 1 100000 4299 2641
84 99 8 10000 0 0
85 87 2 100000 1377 0
85 88 15 10000 0 0
85 89 18 10000 0 0
85 100 16 10000 0 0
86 87 10 100000 0 0
86 92 6 100000 0 0
86 93 11 10000 0 0
87 90 2 10000 0 1743
87 92 8 10000 0 0
88 91 5 100000 0 0
88 98 15 10000 0 0
88 100 8 10000 0 0
89 94 8 10000 0 0
89 99 8 10000 0 0
90 94 12 100000 0 0
90 100 17 10000 0 0
91 92 17 10000 0 0
91 99 13 100000 0 0
92 97 1 100000 0 0
93 95 18 10000 0 0
93 98 13 100000 0 0
95 99 7 10000 0 0
96 98 13 100000 0 0
